genome_id
1314.739
714.780
137545.6
35814.88
28141.1048
2891570.3
194439.7
2675773.3
2718634.3
1600.32
2338073.3
33028.25
669502.39
391036.3
2892440.3
105751.37
2282420.3
1288410.14
235909.7
1122228.3
1324864.3
1397693.3
552386.11
867683.3
1527607.4
396268.3
2827233.4
359.260
1235755.3
190305.4
223184.20
2829823.3
1333651.8
179467.3
489.7
2233774.3
407152.12
2518644.3
466044.4
196587.4
2954003.4
3031727.4
1935446.57
2751.493
317.664
1054041.3
1121003.3
1226327.3
2864212.3
1063.31
1932.11
2696476.3
1267001.5
1378299.3
2954011.4
1353534.3
351605.6
1743235.5
2810535.3
447425.3
442709.3
45610.4
883103.3
1520.584
3003272.5
2976980.3
158822.21
1177181.3
1293.117
1121026.3
757414.9
2184161.7
1972867.3
2916410.6
1526413.4
573066.19
1082704.5
2954033.4
2763037.3
445971.6
1035.5
83265.3
278148.5
480.269
548579.3
1121451.3
891.5
1121112.4
2161673.8
2175229.3
447424.3
1306176.7
2897773.3
2867243.3
1537215.6
2859781.3
1940241.3
67308.3
573983.3
372484.4
329854.51
796943.122
2491343.3
45610.23
1041147.3
1530191.3
2743470.3
1781068.6
1004279.8
402385.4
488535.3
366616.15
304899.11
908250.3
1933879.3
2037914.3
2814294.3
1423722.3
1816680.8
2666136.4
1280843.3
1461582.4
1871034.3
2494657.3
2509241.3
586416.3
1190415.4
913848.7
1578165.6
486407.3
1045773.8
1919.18
33883.3
2941324.3
1188256.8
1424653.34
2793064.3
2717286.3
1470561.10
2819234.3
202955.4
488454.3
2729175.3
1343158.3
1761016.3
2705429.3
75612.23
882082.3
2975273.5
33884.3
2883169.15
1509367.3
2594430.3
28118.6
28885.6
2923277.3
574710.3
1220572.3
1341696.3
1385591.4
362649.3
529709.11
68264.3
1136497.4
200451.10
2599297.3
1241979.4
1158996.3
3020056.3
317018.4
543615.3
1615494.3
2766474.3
29536.15
53408.5
1421.168
2939690.3
2590999.3
650004.6
163874.3
2678688.3
1224163.3
1150468.4
1421.62
290317.9
3051432.3
999931.3
363953.4
363841.3
2908208.5
2696469.3
904715.3
641691.3
384602.4
1498.4
1615952.3
847.8
2293317.4
675874.3
39844.4
2803784.4
284027.3
1725.13
933063.3
1851146.3
1056512.12
31967.4
1312184.6
2306995.3
1280846.3
944492.4
1703343.6
2055137.4
1451454.3
2654843.4
2884874.4
1744844.3
948106.3
2561933.3
1795032.9
194197.5
487173.179
1528868.4
2895947.3
1396821.4
1531955.3
491952.3
2569853.3
2315841.3
1503750.3
1770545.3
588587.4
1864939.4
3073100.3
2827099.3
1721087.3
213588.7
1132443.3
1266720.3
1847728.3
1230533.6
329524.9
1777140.3
223389.11
2803865.3
263358.5
323284.4
2045438.3
526224.6
214851.67
1977912.17
2917790.11
1189619.4
1048642.4
1037889.3
1336748.4
280871.6
157688.7
38290.38
84112.437
2340.58
2605790.3
756689.3
2211108.3
1370122.3
1651781.3
1538553.22
171282.4
2744479.3
2058085.4
99117.3
1434325.3
1190508.3
1549638.3
1121335.3
2729623.4
1485585.3
3057675.5
104102.41
1572659.3
1121373.3
2897779.6
2058294.3
2599607.5
1812349.3
37915.26
44252.8
2599293.3
2842347.3
328415.5
1855383.3
679190.27
1055469.3
45065.6
1903262.3
39441.6
1871013.4
2606906.3
2824119.3
169402.4
1070431.3
2065818.20
3042027.3
2801335.3
204669.11
797277.3
1423739.3
2161818.3
990371.3
284029.3
2859768.10
3110330.3
1341181.4
1803846.4
33033.16
1852374.3
587909.3
572036.3
401106.4
2668065.3
481719.3
1795355.3
2666137.3
2663029.3
3029055.7
1536638.3
767434.3
93222.14
109232.6
2182432.10
1874697.3
2126553.4
491954.3
2315464.3
2233861.4
96229.4
2728022.3
1274.3
47848.3
1096246.3
453837.3
2182425.3
170367.3
1134912.15
47865.5
381802.4
1223489.4
2904119.8
1121255.3
2528037.3
1241982.8
858215.3
459519.3
130049.11
1348114.3
186280.4
2099400.3
3066249.3
2785304.3
1051139.6
2922224.4
67348.3
2895559.3
29347.103
2487349.3
84292.4
97194.3
2791037.5
1135990.3
2911209.5
1750599.3
180195.5
1337051.14
1121286.4
161899.3
386892.3
3060215.7
1874706.3
171279.24
86660.4
52259.3
190310.3
28129.57
1421.44
1120943.3
1239962.6
490189.4
92490.6
3115651.3
1323.3
569862.3
2861747.3
1892865.3
2678686.3
3095429.3
2743979.3
1210400.3
995060.3
2670330.3
2846852.3
351343.3
2741721.3
1120948.3
1246955.3
1564160.3
2684212.7
2922273.4
60894.5
373668.4
1123261.3
585224.3
1944633.3
279824.5
1122195.4
2745851.4
1547448.3
67296.4
2980100.9
2654979.3
2765361.3
2747817.3
279832.4
2074.11
1069985.4
44250.26
1850347.3
28077.15
1261640.4
1743143.3
2893471.4
2268030.3
2572203.3
96941.3
2567944.3
1852370.3
1776.14
686223.3
1592897.23
2608000.3
512350.4
1227468.4
648780.4
1238.335
488124.7
1449355.3
2030808.16
2772110.3
2902623.6
1144553.3
413882.8
215.18
564064.4
1076331.3
479430.3
931277.6
204798.3
76305.3
588122.3
2891236.3
1679170.3
2872158.10
2979464.4
909936.3
2681492.3
135950.3
13076.7
1160.15
1340493.3
291169.3
994573.51
2499220.4
2601575.3
1141647.5
474951.3
2651189.3
574963.3
1399797.5
1827502.3
1848904.3
1927124.5
1868793.4
1544798.5
2759526.3
1128675.3
1650571.4
158899.10
1436122.6
1185415.3
236510.6
1210061.4
3093658.3
375489.4
92407.3
1849015.3
333297.3
2211140.3
1936063.3
1487865.3
426703.5
1806667.3
494026.3
571911.3
2093806.11
2219663.3
589240.3
2527978.3
2961944.3
2724939.3
1462615.9
2726189.3
134849.3
2717094.3
2941327.3
2748318.3
2956795.3
45363.6
1884790.3
450798.3
589330.4
454153.3
2654977.3
148448.7
1778678.3
542300.4
1352348.6
450799.3
562.80916
562.58378
562.39531
562.162092
562.28397
562.133344
562.86789
562.108792
623.1653
624.2637
562.86671
562.30668
562.144403
562.146757
562.91611
562.145347
562.100511
562.104352
562.86594
562.90028
727.1540
562.123037
562.96637
562.72056
562.23042
562.67844
562.146598
562.99250
562.140791
562.67716
562.20948
562.129118
562.21034
562.71840
562.46103
9.1353
562.96914
562.109846
562.148272
562.91711
562.31357
562.72317
1314.2925
562.30573
562.121746
562.108710
562.58772
562.69687
481805.51
727.1591
1281097.3
1314.5033
562.66584
624.4466
562.157564
562.34193
624.4467
1314.5021
562.147915
562.70596
562.141090
562.99368
562.30233
562.107484
562.98820
562.158335
562.59167
562.63781
562.144348
562.146535
562.99987
562.101959
2608867.12
562.161070
562.111043
562.64919
1314.765
562.108609
562.96350
562.96843
562.158153
562.121743
562.94062
562.102739
1439027.3
562.28987
562.102581
562.96291
562.161819
562.47643
562.86763
562.30864
562.33513
562.54888
562.96896
562.158538
1314.2274
1314.2100
562.134955
519.101
562.59159
1314.4875
562.77547
562.123035
727.1531
562.146597
562.94095
562.100700
562.98001
1181743.3
562.157928
562.63030
562.77178
58097.91
562.75674
562.57495
562.157703
562.115211
562.99341
624.4464
562.111026
562.142462
562.107471
562.134254
562.23723
2810404.5
519.92
562.110771
562.80809
623.158
562.99200
562.5686
519.81
562.18756
562.30570
869677.4
519.55
562.63765
562.98976
562.115322
562.68427
1314.5221
2697517.3
562.124970
562.158428
562.67064
562.94101
1281028.3
562.134282
562.129264
562.146224
562.81189
1314.4993
195.4772
562.46753
562.100515
562.25111
595.954
562.99429
562.107125
562.74597
562.102740
562.110576
28901.35807
562.107320
562.97780
562.100224
562.157341
562.141165
1314.1546
562.18933
562.79075
562.144158
518.131
520.1667
562.149779
562.157024
562.59173
1314.4990
562.141477
520.1312
595.857
158836.3113
562.102859
562.97557
562.160387
562.31064
562.103979
562.144186
562.38787
562.21096
562.30521
562.65618
562.86670
562.47023
195.4804
562.158214
562.158531
562.164298
562.99328
520.1420
54388.287
562.65814
747.3024
61645.986
1314.759
562.74384
562.145709
54388.241
1314.5247
562.126270
90371.4826
2665605.3
562.146569
195.2118
149539.2541
562.144940
562.161892
562.135037
562.106109
562.102340
562.30227
562.50818
562.98194
727.4032
623.980
1314.3051
562.79420
90371.5437
727.4082
562.60614
440524.295
562.59242
562.59258
562.160225
54388.390
562.152703
1314.2046
520.1207
59201.4152
28901.9028
562.146645
520.1096
54388.204
562.80989
562.66854
562.9880
562.96170
562.18849
562.131938
562.37130
562.66590
562.143054
562.21822
1314.2139
1334.8
562.107311
562.158729
562.20959
623.1943
562.148162
562.31417
562.96096
1314.1007
562.96351
562.109871
562.99877
520.1112
1314.1250
715.206
299767.84
562.102228
28901.19066
562.158321
562.68423
727.2173
90370.3596
562.129407
562.67105
562.160519
257311.4
562.108934
562.115395
562.124856
562.54060
611.698
562.129226
1314.2162
28901.21013
562.158564
562.62801
2819778.3
562.107315
562.149359
562.59068
1311.1654
2994648.4
1314.2273
562.139944
562.39452
149539.3646
41434.10
562.161124
562.67247
28901.16582
562.100864
562.143063
562.156829
562.67429
562.98634
58097.37
749948.3
149539.2503
562.158662
747.1285
28901.21490
562.21412
562.88931
59201.4798
28901.14440
3046755.3
562.144960
28901.8186
562.144303
1314.4678
1314.811
2665562.3
1314.1203
28901.21004
1463164.3
1812935.20
1311.336
28901.9584
727.1772
562.59131
90371.5699
2564534.4
1296536.139
1314.4974
727.1559
149539.3661
562.99139
562.68767
1311.1644
562.129221
562.142375
90371.5961
562.31243
562.81129
562.96937
28901.2175
562.77161
90371.7896
1311.6746
1314.2218
28901.21327
28901.8279
562.138644
61645.584
3046753.3
562.144994
562.65451
562.102851
881260.359
562.67229
562.96826
195.2304
562.149822
1314.1096
562.110774
562.135062
562.160349
562.34228
595.866
90371.5599
1314.2216
28901.8697
562.142464
562.57127
28901.8325
562.107111
562.23099
562.52716
28901.11687
1463164.217
28901.9074
562.164321
1314.1754
28901.17078
28901.9237
562.96031
90371.3898
2665625.3
2819751.3
539813.16
562.148283
562.99570
28901.16781
28901.7383
562.140688
562.144937
562.146307
562.54614
1314.1052
28901.10217
562.33377
562.47003
562.92010
623.1514
90370.4905
90371.6910
562.65397
562.99317
149539.3969
562.18911
562.70547
2969431.4
2969431.7
28901.16891
149539.3622
562.108721
59201.4008
192955.433
562.47445
28901.20736
28901.21731
28901.2177
3160077.3
562.129267
90371.3914
595.79
90105.299
1314.2719
28901.18249
224727.5
562.148270
562.98482
90370.4825
158836.3703
28901.9941
3240320.3
562.114466
562.18810
562.157291
562.31315
562.59133
562.68724
90370.5585
520.913
1169410.3
2608867.15
59201.4034
90371.3662
90371.6181
562.126055
562.22726
562.65011
90370.4956
158836.390
562.137450
562.143571
562.57132
562.99294
2819710.3
727.1754
90370.4852
1314.807
562.107500
562.135223
562.143296
562.161392
562.58497
90371.7244
562.107491
562.135144
149539.3645
59201.4054
90370.4880
28901.16680
562.146728
28901.21124
562.158534
3143307.3
562.123028
562.124032
90370.3291
562.144359
90371.6906
28901.9675
562.28453
624.3848
28901.16878
59201.4652
3143313.3
562.98636
90370.4843
90371.3784
562.149262
28901.36516
28901.36726
562.99765
624.3529
28901.22079
158836.2687
562.132048
562.74467
90370.5128
90371.3755
562.31448
562.131920
562.47543
90370.4887
562.54001
72407.2322
149539.1795
562.149767
90370.5301
90370.3433
28901.862
562.102828
562.47840
562.75790
90370.5262
562.70761
90370.5067
881260.33
1311.5967
28901.18415
562.141097
573.21523
624.3472
90370.4664
623.1657
90370.2739
90370.3012
28901.10178
28901.16715
28901.3083
562.133338
562.142266
90370.3608
90370.6222
224729.33
28144.86
624.4101
195.4786
562.157450
562.54621
83334.497
90371.6994
149539.3853
28901.7507
562.107574
562.19442
90370.4486
90370.4810
941322.172
562.99495
611.647
149539.3580
562.143116
562.55226
562.139355
562.97504
192955.852
562.124736
562.142850
2819718.3
286783.756
90370.4899
28901.13722
28901.16853
562.52711
90370.4851
910416.3
562.45364
28901.9653
562.108748
562.34190
90371.3766
562.100613
562.162149
562.47493
59201.252
727.1594
90370.4506
28144.201
28901.21288
562.164266
1314.1495
59201.4631
624.2113
90370.4336
1200752.3
28901.36531
61645.295
90370.4418
562.140768
90370.2493
28901.13309
562.140302
562.142069
90370.3404
562.138822
562.140702
562.65391
573.28641
701177.3
562.88867
90370.5513
1812935.152
624.2334
90370.4970
28901.24586
90371.3683
1314.2379
90371.5662
28901.21379
562.107544
562.42737
562.45884
85569.56
90370.3504
90370.6167
562.55154
611.139
28901.21374
562.55182
573.64693
195.5158
28901.24352
1314.1670
562.107304
562.142028
562.99676
90370.4445
1432548.8
562.112515
562.156865
2906475.8
486994.29
562.70797
28037.494
562.138828
192955.684
562.99010
90370.5892
1314.4729
1412585.3
562.128950
562.164445
562.42730
562.68425
562.80670
90370.4863
562.97136
562.99801
90371.4770
1313.24044
2652398.3
573.20579
149539.3827
28901.13364
562.57385
562.67249
562.98038
624.3438
28901.16664
28901.24455
562.142093
562.39487
562.96418
611.578
28901.17056
562.106259
562.134454
562.142236
562.61643
562.97179
881260.403
562.149253
562.158319
562.68771
564.145
573.10084
624.3533
1463164.151
28901.23469
562.99707
90370.5137
28901.19462
562.46079
90370.5187
28901.24443
562.107499
562.37047
28901.16495
28901.6846
573.66838
28901.3164
562.98868
1314.265
595.544
90370.6149
90371.7922
1444268.3
28901.18122
28901.8571
562.55274
562.143357
562.96397
90370.2748
90371.5064
28901.6194
562.114993
562.145523
562.30518
573.38817
59201.2026
192955.641
562.110016
562.122351
1181738.3
1314.1083
28901.8243
747.2336
28901.18592
28901.5128
562.141606
562.156870
562.144627
562.99113
1439215.3
2819734.3
28901.23765
90370.4398
562.33618
562.36228
562.98639
28901.8263
562.19599
28901.18120
548.1629
562.143068
90370.3273
1126890.3
28901.7425
440524.267
562.100644
562.146175
562.114714
562.61559
562.98857
90370.3532
562.60409
90370.1764
90371.5058
1463164.155
149539.1559
158836.4236
28901.24442
562.107358
562.114731
562.9290
562.98248
28901.22859
28901.6377
520.1536
562.157579
90370.5957
28901.13342
2985023.3
423368.8
562.161929
562.78231
90370.4141
2819749.3
440524.262
562.23868
562.55180
90370.3617
562.144904
573.40351
747.398
149539.1542
562.126028
90370.4724
562.22585
562.95877
59201.1703
28901.14679
28901.18622
562.158626
562.20867
158836.795
562.100665
28901.27659
562.39349
562.61736
573.66729
562.144826
727.1734
562.97789
192955.419
562.145713
562.19262
624.3811
562.161776
562.79035
562.80694
1296536.204
28144.139
28901.5610
562.157636
573.21309
747.3060
1313.46484
562.158210
562.134442
573.49568
550.4370
562.58640
1313.19324
28901.18158
562.137489
562.157397
562.46334
562.67539
562.79129
90370.1284
143221.104
562.143089
562.57250
595.331
83334.470
562.30546
562.146386
562.160320
573.29540
90371.7254
562.100385
562.26281
562.79428
624.3291
90371.7083
1463165.339
28901.18762
28901.5240
562.106196
562.31219
611.842
562.42872
83334.615
90370.5821
1313.18768
28901.8239
2985010.3
562.147815
562.161663
727.1313
195.2280
2489010.8
340188.61
562.143532
562.145711
28901.3742
562.121941
562.122138
562.37159
562.97818
624.4095
562.39215
115981.148
28901.21519
28901.9162
562.143863
562.23135
562.30952
562.99437
28901.13321
2933311.3
562.134364
562.142736
562.97879
573.66704
891421.4
562.164415
562.54697
90370.1663
1314.1784
28901.21446
3233339.3
562.145698
573.23334
192955.515
28901.24778
3156214.3
562.143701
562.94098
562.98351
115981.151
195.2040
562.142785
562.99182
595.41
624.3553
115981.149
1463165.1501
562.21382
562.25161
562.58383
562.61488
573.35517
1313.46613
1438673.3
1639133.333
2908506.4
336306.117
115981.143
562.79300
595.1198
1313.20318
562.141551
192954.133
195.699
28901.21300
72407.38
2500154.5
562.145444
90370.1093
1313.22440
1313.31037
518.28
562.112490
90370.4572
1313.31015
28901.17095
573.10034
562.144089
562.34432
195.2269
562.129045
562.149381
562.97936
562.99856
624.4126
28901.3834
520.1649
562.100140
562.161025
562.75710
562.98304
1313.18570
28901.3173
28901.5843
562.152913
562.164302
562.42746
90370.4067
1313.30994
1313.31496
1386015.8
28901.4996
90370.4342
1280963.3
1313.46751
28901.2193
562.142011
562.146349
562.157504
562.50656
562.98552
90371.3853
90371.5702
910414.3
195.2263
28901.18776
28901.7326
28901.7768
520.1338
747.2371
1313.18495
90371.1837
1313.30581
2024267.10
28901.15903
562.42042
562.97017
90371.7275
1313.46463
562.100933
562.141502
562.18979
90370.477
562.139373
562.22858
90370.547
90370.87
208224.364
562.65051
562.133985
562.157215
562.30598
59201.2221
1313.31144
562.135083
562.72346
28901.19428
546.97
562.143700
562.161665
562.97225
624.371
1444119.3
28901.10089
28901.10202
28901.3673
562.102551
562.148197
562.97236
573.20310
90370.1575
90370.3901
1313.30354
1313.39338
28901.5203
299767.204
562.111009
562.152889
562.157545
1463165.658
573.67038
1313.38126
1313.39321
1335.167
286783.702
562.141702
562.45885
90370.1007
1169369.3
195.4790
59201.1098
59201.1117
1311.6762
1313.30541
1313.46435
28901.16739
562.143876
562.57452
90370.1038
1313.30372
28901.3126
28901.8387
562.161866
562.65004
90370.1248
90370.1714
1313.31158
1313.33352
58712.466
90370.553
1313.46432
562.100691
59201.1584
90370.1290
1313.39303
195.3856
562.123074
562.149384
562.5089
573.26264
90370.1233
90370.672
90371.3017
1314.1658
562.138844
562.97831
562.57469
624.1514
1313.20239
562.107688
562.96514
90370.1431
90370.1825
90370.4093
28901.3246
2914792.4
550.2118
562.136277
562.70404
2712025.6
28901.21502
562.158216
562.38853
90370.532
562.74705
1154912.3
115981.76
562.124839
562.139877
562.140018
562.46504
624.4127
546.827
550685.3
562.139586
562.39443
562.46568
90370.1155
90370.1699
90371.1821
90371.7969
3153506.3
562.107362
562.110560
623.1370
90370.1002
1313.32239
1313.32466
28901.5925
3143336.3
59201.1756
90370.467
1078034.63
1313.45103
1313.46230
2779605.3
28901.36049
158836.2555
28901.24763
28901.5512
562.144134
869679.4
1313.31434
1313.45332
562.50498
562.97018
28901.5220
573.54361
90370.198
2708517.6
562.88976
58095.247
90370.599
158836.954
562.124990
562.142581
562.61567
562.98956
562.99632
1313.33088
28901.1735
28901.24675
28901.7395
562.157487
562.157816
562.36584
562.67190
573.20978
90370.1874
90370.331
90370.812
562.10895
562.144658
562.146525
562.98924
90370.1883
1313.26672
562.29090
747.378
562.31342
562.133241
562.97384
573.31011
1313.19724
28901.8539
562.96808
90370.4071
90370.56
158836.865
28901.9002
562.137416
548.816
562.142195
624.1475
1313.32692
158836.4243
562.143275
562.143366
562.97527
1313.31411
1313.46494
28901.20639
562.26285
562.65162
562.88796
573.40349
90370.591
562.144547
562.65552
1313.20462
1313.21685
1446570.3
562.5040
727.1517
90105.254
940232.7
562.121810
562.122024
562.135008
562.30824
562.140906
562.156967
562.98993
595.1214
90370.264
90370.332
1281014.3
1313.32613
286783.76
28901.15893
548.1268
562.100452
562.33612
28901.24757
28901.6800
562.140028
573.25760
624.3158
624.4271
1313.32875
57706.271
197.23036
562.136266
562.136276
596.67
1311.6740
1313.18796
1313.42219
28901.16490
28901.36691
28901.6889
90370.127
90370.1304
90370.2709
3153561.3
562.144450
562.61629
58096.69
996633.3
1313.19049
562.115210
562.46360
881260.393
1313.46236
562.100659
562.22646
727.1239
90370.397
1313.33277
1313.22555
562.70590
573.36075
624.805
90370.2796
90370.6021
562.142635
562.33229
562.55273
90370.2845
28901.7337
1313.32364
158836.4038
195.2087
548.1195
573.39670
286783.513
562.161060
1314.504
562.16396
562.28807
562.91814
562.97751
562.143321
573.63204
85569.206
1313.46215
28901.4228
562.33243
28901.7260
546.2848
562.115016
59201.3857
624.3396
1313.19136
562.138754
562.142972
562.68577
573.84148
624.126
1313.25395
562.46313
595.1079
600.29
624.4256
72407.1470
1313.27097
1313.27133
562.98717
562.99431
573.39617
727.1664
1313.32287
1313.33189
1812934.89
562.114676
573.49858
244366.358
562.100931
90370.678
1313.46820
440524.76
562.137502
562.161887
562.97718
1311.4958
28901.17574
562.18931
562.45941
624.4117
630.16
1313.31615
562.107695
562.144935
595.1084
1313.21875
1313.32899
562.110691
562.158115
562.46544
562.47902
58712.195
520.107
562.101359
562.142167
562.143682
727.1473
1313.26593
137545.77
260678.75
562.144290
562.99812
1313.46297
28901.4596
85569.25
90370.3015
90371.2704
562.143814
562.63007
562.99565
573.66343
1299043.4
1423.3592
3153385.3
98360.381
1313.34542
90370.5374
1192775.4
1313.42403
562.111247
562.99017
573.54729
573.64976
573.78639
85569.58
90370.1927
1463165.1184
562.33563
573.53581
85569.266
90370.1481
195.291
562.104293
573.78056
624.3409
1313.28107
1313.28409
562.114983
562.142826
562.143713
562.23313
562.33636
58712.227
90370.2446
28901.2837
562.145520
562.161910
90370.4307
1313.21665
1313.22855
1313.25619
28901.8132
562.50480
573.20638
90370.91
158836.334
28901.24906
562.146715
562.22329
90370.3515
28901.5210
28901.8905
562.97050
1313.32921
28144.60
562.33412
573.29558
624.328
562.142709
562.143403
562.25266
550.2735
562.54628
562.7549
611.329
611.48
1313.46166
1739281.3
85569.219
1311.4946
1313.18357
1313.22115
1313.25190
1313.30805
54388.178
562.144621
562.79005
59201.1532
85569.147
3050627.3
562.146693
573.20639
1313.25448
195.980
28901.9614
562.158253
562.46798
562.73389
1313.32907
1313.45644
286783.636
562.25132
85569.336
1311.2939
28901.3977
548.1565
573.45875
28901.4314
562.131817
562.22804
562.90010
562.92056
573.42330
1313.17374
